[[0.31291028 0.29540481 0.28884026 0.30196937 0.30634573]
 [0.32603939 0.29978118 0.31728665 0.31291028 0.31947484]
 [0.297593   0.32166302 0.28227571 0.30415755 0.30634573]
 [0.33698031 0.29978118 0.29102845 0.3107221  0.29978118]]

 For convolution Neural Networks



 array([[[0.18380744, 0.23851204],
        [0.27133479, 0.35886214],
        [0.35010941, 0.39606127],
        [0.3785558 , 0.42013129],
        [0.40919037, 0.43982495],
        [0.42450766, 0.4463895 ],
        [0.43544858, 0.44201313],
        [0.44857768, 0.43763676],
        [0.43982495, 0.43544858]],

       [[0.18380744, 0.23413567],
        [0.27571116, 0.35667396],
        [0.35886214, 0.38730853],
        [0.38074398, 0.41575492],
        [0.404814  , 0.44857768],
        [0.42231947, 0.44420131],
        [0.43544858, 0.43982495],
        [0.44201313, 0.43326039],
        [0.44201313, 0.43544858]],

       [[0.18380744, 0.23413567],
        [0.27133479, 0.35886214],
        [0.35229759, 0.38949672],
        [0.36761488, 0.41356674],
        [0.40700219, 0.43982495],
        [0.42013129, 0.43544858],
        [0.43763676, 0.43982495],
        [0.43982495, 0.43763676],
        [0.43982495, 0.43544858]],

       [[0.18161926, 0.23632385],
        [0.27352298, 0.34792123],
        [0.34573304, 0.38949672],
        [0.37417943, 0.40262582],
        [0.40919037, 0.44420131],
        [0.41356674, 0.43763676],
        [0.43107221, 0.43107221],
        [0.43544858, 0.43763676],
        [0.4463895 , 0.43107221]]])


Using Fast Text